19471,12034,15311,19471,8873,15313,15437,15311,22310,12775,11151,7683,9885,19471,12535,15437,16695,15311,8476,9885,11151,15326,15374,15313,15374,15374,8438,9774,9774,11151,8476,5159,15374,11151,15313,12328,15313,15311,19534,9948,15374,15374,15311,15787,15374,4278,15374,8413,9948,5163,9885,15374,7683,8476,5175,22310,15374,15374,16695,11845,12535,12786,9822,11843,19471,25023,11845,4278,19471,11843,11971,19471,15374,9948,12332,11858,11143,11843,15311,12535,4278,19471,15374,12535,8476,15311,8438,19534,19534,11906,8371,8413,9885,19475,19471,8501,11843,6616,11908,15313,19471,11906,15500,19534,11843,19471,9822,8371,15311,4278,15437,9774,19471,19471,9761,12319,19471,19475,15311,19471,15311,8501,15437,11865,11151,9774,9948,5149,4293,9774,4215,9885,5185,11623,4215,4294,4237,11837,5149,8371,4215,5175,4230,4215,8371,4689,4215,4727,5185,1515,4267,4300,5854,4293,4237,8371,11900,4245,4245,7254,4278,5866,9774,6546,6542,8375,9307,9759,6564,6558,8375,5189,9307,4215,4232,8438,9774,5870,9774,4215,9774,10691,10691,5839,5841,5185,6782,4257,
12034,8192,9510,12034,5698,9533,10018,9510,13970,7972,6986,4883,6654,12034,7828,10018,10352,9510,5744,6654,6986,9570,9764,9533,9764,9764,5558,6206,6206,6986,5744,3393,9764,6986,9533,7760,9533,9510,12288,6908,9764,9764,9510,9840,9764,3034,9764,5490,6908,3409,6654,9764,4883,5744,3390,13970,9764,9764,10352,7430,7828,8016,6400,7407,12034,15398,7430,3034,12034,7407,7938,12034,9764,6908,7776,7467,6988,7407,9510,7828,3034,12034,9764,7828,5744,9510,5558,12288,12288,7661,5368,5490,6654,12080,12034,5812,7407,4545,7684,9533,12034,7661,10272,12288,7407,12034,6400,5368,9510,3034,10018,6206,12034,12034,6185,7737,12034,12080,9510,12034,9510,5812,10018,7435,6986,6206,6908,3364,3094,6206,2780,6654,3430,7276,2780,3098,2808,7432,3364,5368,2780,3390,2840,2780,5368,3089,2780,3230,3430,1279,2921,3062,3826,3094,2808,5368,7686,2900,2900,4732,3034,3874,6206,4247,4231,5304,5869,6146,4259,4295,5304,3446,5869,2780,2863,5558,6206,3916,6206,2780,6206,6711,6711,3766,3789,3430,4375,2881,
15311,9510,12043,15311,6993,12045,12169,12043,17554,10051,8775,6051,7809,15311,9863,12169,13131,12043,6700,7809,8775,12058,12106,12045,12106,12106,6658,7698,7698,8775,6700,4071,12106,8775,12045,9704,12045,12043,15374,7872,12106,12106,12043,12419,12106,3390,12106,6637,7872,4075,7809,12106,6051,6700,4083,17554,12106,12106,13131,9321,9863,10062,7746,9319,15311,19671,9321,3390,15311,9319,9447,15311,12106,7872,9708,9334,8771,9319,12043,9863,3390,15311,12106,9863,6700,12043,6658,15374,15374,9382,6595,6637,7809,15315,15311,6721,9319,5232,9384,12045,15311,9382,12232,15374,9319,15311,7746,6595,12043,3390,12169,7698,15311,15311,7685,9695,15311,15315,12043,15311,12043,6721,12169,9337,8775,7698,7872,4061,3405,7698,3327,7809,4093,9147,3327,3406,3345,9317,4061,6595,3327,4083,3342,3327,6595,3701,3327,3739,4093,1215,3375,3408,4618,3405,3345,6595,9380,3357,3357,5722,3390,4630,7698,5162,5158,6595,7327,7683,5176,5174,6595,4097,7327,3327,3344,6658,7698,4634,7698,3327,7698,8415,8415,4603,4605,4093,5346,3365,
19471,12034,15311,19471,8873,15313,15437,15311,22310,12775,11151,7683,9885,19471,12535,15437,16695,15311,8476,9885,11151,15326,15374,15313,15374,15374,8438,9774,9774,11151,8476,5159,15374,11151,15313,12328,15313,15311,19534,9948,15374,15374,15311,15787,15374,4278,15374,8413,9948,5163,9885,15374,7683,8476,5175,22310,15374,15374,16695,11845,12535,12786,9822,11843,19471,25023,11845,4278,19471,11843,11971,19471,15374,9948,12332,11858,11143,11843,15311,12535,4278,19471,15374,12535,8476,15311,8438,19534,19534,11906,8371,8413,9885,19475,19471,8501,11843,6616,11908,15313,19471,11906,15500,19534,11843,19471,9822,8371,15311,4278,15437,9774,19471,19471,9761,12319,19471,19475,15311,19471,15311,8501,15437,11865,11151,9774,9948,5149,4293,9774,4215,9885,5185,11623,4215,4294,4237,11837,5149,8371,4215,5175,4230,4215,8371,4689,4215,4727,5185,1515,4267,4300,5854,4293,4237,8371,11900,4245,4245,7254,4278,5866,9774,6546,6542,8375,9307,9759,6564,6558,8375,5189,9307,4215,4232,8438,9774,5870,9774,4215,9774,10691,10691,5839,5841,5185,6782,4257,
8873,5698,6993,8873,4211,6995,7171,6993,10210,5849,5113,3549,4675,8873,5745,7171,7625,6993,4124,4675,5113,7034,7082,6995,7082,7082,3954,4538,4538,5113,4124,2463,7082,5113,6995,5714,6995,6993,8962,4764,7082,7082,6993,7221,7082,2074,7082,4035,4764,2467,4675,7082,3549,4124,2487,10210,7082,7082,7625,5431,5745,5880,4586,5429,8873,11369,5431,2074,8873,5429,5609,8873,7082,4764,5718,5470,5129,5429,6993,5745,2074,8873,7082,5745,4124,6993,3954,8962,8962,5518,3885,4035,4675,8877,8873,4043,5429,3192,5520,6995,8873,5518,7260,8962,5429,8873,4586,3885,6993,2074,7171,4566,8873,8873,4499,5657,8873,8877,6993,8873,6993,4043,7171,5443,5113,4538,4764,2407,2115,4538,1985,4675,2497,5337,1985,2118,1999,5447,2407,3885,1985,2487,2026,1985,3885,2211,1985,2349,2497,909,2105,2088,2784,2115,1999,3885,5536,2067,2067,3438,2074,2796,4566,3100,3096,3865,4285,4497,3110,3112,3865,2501,4285,1985,2028,3954,4538,2800,4538,1985,4538,4917,4917,2721,2723,2497,3194,2103,
15313,9533,12045,15313,6995,12062,12175,12045,17558,10053,8777,6053,7815,15313,9865,12175,13133,12045,6704,7815,8777,12060,12110,12062,12110,12110,6662,7700,7700,8777,6704,4073,12110,8777,12062,9717,12062,12045,15378,7880,12110,12110,12045,12445,12110,3394,12110,6639,7880,4077,7815,12110,6053,6704,4085,17558,12110,12110,13133,9338,9865,10064,7750,9321,15313,19673,9338,3394,15313,9321,9468,15313,12110,7880,9721,9336,8773,9321,12045,9865,3394,15313,12110,9865,6704,12045,6662,15378,15378,9386,6643,6639,7815,15347,15313,6727,9321,5285,9403,12062,15313,9386,12240,15378,9321,15313,7750,6643,12045,3394,12175,7700,15313,15313,7718,9721,15313,15347,12045,15313,12045,6727,12175,9346,8777,7700,7880,4074,3409,7700,3329,7815,4095,9149,3329,3410,3354,9334,4074,6643,3329,4085,3344,3329,6643,3714,3329,3741,4095,1228,3377,3419,4620,3409,3354,6643,9399,3359,3359,5724,3394,4632,7700,5164,5160,6597,7329,7685,5185,5176,6597,4099,7329,3329,3361,6662,7700,4662,7700,3329,7700,8417,8417,4605,4622,4095,5348,3367,
15437,10018,12169,15437,7171,12175,12547,12169,17806,10177,8901,6177,8187,15437,9989,12547,13257,12169,7044,8187,8901,12214,12358,12175,12358,12358,6910,7854,7854,8901,7044,4221,12358,8901,12175,9856,12175,12169,15626,8376,12358,12358,12169,12553,12358,3642,12358,6855,8376,4233,8187,12358,6177,7044,4225,17806,12358,12358,13257,9451,9989,10210,7998,9445,15437,19797,9451,3642,15437,9445,9829,15437,12358,8376,9868,9490,8897,9445,12169,9989,3642,15437,12358,9989,7044,12169,6910,15626,15626,9634,6729,6855,8187,15449,15437,7099,9445,5504,9640,12175,15437,9634,12736,15626,9445,15437,7998,6729,12169,3642,12547,7854,15437,15437,7815,9829,15437,15449,12169,15437,12169,7099,12547,9467,8901,7854,8376,4191,3687,7854,3453,8187,4255,9273,3453,3690,3475,9447,4191,6729,3453,4225,3498,3453,6729,3831,3453,3945,4255,1413,3565,3664,4774,3687,3475,6729,9636,3543,3543,5910,3642,4810,7854,5318,5306,6721,7453,7809,5328,5354,6721,4267,7453,3453,3504,6910,7854,4822,7854,3453,7854,8541,8541,4729,4735,4255,5494,3535,
15311,9510,12043,15311,6993,12045,12169,12043,17554,10051,8775,6051,7809,15311,9863,12169,13131,12043,6700,7809,8775,12058,12106,12045,12106,12106,6658,7698,7698,8775,6700,4071,12106,8775,12045,9704,12045,12043,15374,7872,12106,12106,12043,12419,12106,3390,12106,6637,7872,4075,7809,12106,6051,6700,4083,17554,12106,12106,13131,9321,9863,10062,7746,9319,15311,19671,9321,3390,15311,9319,9447,15311,12106,7872,9708,9334,8771,9319,12043,9863,3390,15311,12106,9863,6700,12043,6658,15374,15374,9382,6595,6637,7809,15315,15311,6721,9319,5232,9384,12045,15311,9382,12232,15374,9319,15311,7746,6595,12043,3390,12169,7698,15311,15311,7685,9695,15311,15315,12043,15311,12043,6721,12169,9337,8775,7698,7872,4061,3405,7698,3327,7809,4093,9147,3327,3406,3345,9317,4061,6595,3327,4083,3342,3327,6595,3701,3327,3739,4093,1215,3375,3408,4618,3405,3345,6595,9380,3357,3357,5722,3390,4630,7698,5162,5158,6595,7327,7683,5176,5174,6595,4097,7327,3327,3344,6658,7698,4634,7698,3327,7698,8415,8415,4603,4605,4093,5346,3365,
22310,13970,17554,22310,10210,17558,17806,17554,25612,14654,12798,8832,11454,22310,14378,17806,19134,17554,9824,11454,12798,17584,17680,17558,17680,17680,9748,11232,11232,12798,9824,5956,17680,12798,17558,14150,17558,17554,22436,11580,17680,17680,17554,18098,17680,4992,17680,9698,11580,5964,11454,17680,8832,9824,5970,25612,17680,17680,19134,13592,14378,14676,11328,13588,22310,28662,13592,4992,22310,13588,13844,22310,17680,11580,14158,13618,12782,13588,17554,14378,4992,22310,17680,14378,9824,17554,9748,22436,22436,13714,9614,9698,11454,22318,22310,9874,13588,7664,13718,17558,22310,13714,17932,22436,13588,22310,11328,9614,17554,4992,17806,11232,22310,22310,11206,14132,22310,22318,17554,22310,17554,9874,17806,13614,12798,11232,11580,5936,5022,11232,4866,11454,5990,13334,4866,5024,4892,13576,5936,9614,4866,5970,4896,4866,9614,5406,4866,5482,5990,1806,4952,5018,6752,5022,4892,9614,13702,4926,4926,8364,4992,6776,11232,7542,7534,9622,10688,11202,7560,7566,9622,5998,10688,4866,4900,9748,11232,6784,11232,4866,11232,12268,12268,6722,6726,5990,7810,4932,
12775,7972,10051,12775,5849,10053,10177,10051,14654,8391,7327,5057,6545,12775,8235,10177,10959,10051,5620,6545,7327,10066,10114,10053,10114,10114,5574,6434,6434,7327,5620,3409,10114,7327,10053,8106,10053,10051,12838,6608,10114,10114,10051,10367,10114,2850,10114,5557,6608,3413,6545,10114,5057,5620,3419,14654,10114,10114,10959,7783,8235,8402,6482,7781,12775,16407,7783,2850,12775,7781,7909,12775,10114,6608,8110,7796,7327,7781,10051,8235,2850,12775,10114,8235,5620,10051,5574,12838,12838,7844,5515,5557,6545,12779,12775,5637,7781,4392,7846,10053,12775,7844,10240,12838,7781,12775,6482,5515,10051,2850,10177,6434,12775,12775,6421,8097,12775,12779,10051,12775,10051,5637,10177,7797,7327,6434,6608,3399,2865,6434,2787,6545,3429,7639,2787,2866,2803,7783,3399,5515,2787,3419,2802,2787,5515,3101,2787,3139,3429,1035,2833,2866,3866,2865,2803,5515,7846,2817,2817,4790,2850,3878,6434,4320,4316,5511,6121,6419,4332,4332,5511,3433,6121,2787,2804,5574,6434,3882,6434,2787,6434,7029,7029,3851,3853,3429,4472,2823,
11151,6986,8775,11151,5113,8777,8901,8775,12798,7327,6399,4419,5733,11151,7191,8901,9567,8775,4924,5733,6399,8790,8838,8777,8838,8838,4878,5622,5622,6399,4924,2983,8838,6399,8777,7080,8777,8775,11214,5796,8838,8838,8775,9051,8838,2502,8838,4861,5796,2987,5733,8838,4419,4924,2991,12798,8838,8838,9567,6797,7191,7338,5670,6795,11151,14319,6797,2502,11151,6795,6923,11151,8838,5796,7084,6810,6399,6795,8775,7191,2502,11151,8838,7191,4924,8775,4878,11214,11214,6858,4819,4861,5733,11155,11151,4941,6795,3848,6860,8777,11151,6858,8964,11214,6795,11151,5670,4819,8775,2502,8901,5622,11151,11151,5609,7071,11151,11155,8775,11151,8775,4941,8901,6809,6399,5622,5796,2973,2517,5622,2439,5733,3001,6671,2439,2518,2453,6797,2973,4819,2439,2991,2454,2439,4819,2713,2439,2751,3001,915,2483,2516,3382,2517,2453,4819,6860,2469,2469,4190,2502,3394,5622,3778,3774,4815,5347,5607,3788,3790,4815,3005,5347,2439,2456,4878,5622,3398,5622,2439,5622,6139,6139,3367,3369,3001,3910,2473,
7683,4883,6051,7683,3549,6053,6177,6051,8832,5057,4419,3060,4005,7683,4965,6177,6597,6051,3448,4005,4419,6066,6114,6053,6114,6114,3396,3894,3894,4419,3448,2078,6114,4419,6053,4895,6053,6051,7746,4068,6114,6114,6051,6245,6114,1764,6114,3385,4068,2082,4005,6114,3060,3448,2083,8832,6114,6114,6597,4694,4965,5068,3942,4692,7683,9855,4694,1764,7683,4692,4820,7683,6114,4068,4899,4707,4425,4692,6051,4965,1764,7683,6114,4965,3448,6051,3396,7746,7746,4755,3343,3385,4005,7687,7683,3459,4692,2700,4757,6053,7683,4755,6240,7746,4692,7683,3942,3343,6051,1764,6177,3894,7683,7683,3881,4886,7683,7687,6051,7683,6051,3459,6177,4703,4419,3894,4068,2068,1779,3894,1701,4005,2093,4609,1701,1780,1712,4700,2068,3343,1701,2083,1716,1701,3343,1893,1701,1931,2093,669,1742,1775,2354,1779,1712,3343,4763,1731,1731,2916,1764,2366,3894,2627,2623,3333,3698,3879,2634,2639,3333,2097,3698,1701,1718,3396,3894,2370,3894,1701,3894,4244,4244,2339,2341,2093,2715,1732,
9885,6654,7809,9885,4675,7815,8187,7809,11454,6545,5733,4005,5427,9885,6429,8187,8505,7809,4692,5427,5733,7854,7998,7815,7998,7998,4542,5094,5094,5733,4692,2777,7998,5733,7815,6364,7815,7809,10074,5616,7998,7998,7809,8065,7998,2466,7998,4503,5616,2789,5427,7998,4005,4692,2777,11454,7998,7998,8505,6087,6429,6578,5238,6081,9885,12645,6087,2466,9885,6081,6465,9885,7998,5616,6376,6126,5745,6081,7809,6429,2466,9885,7998,6429,4692,7809,4542,10074,10074,6270,4377,4503,5427,9897,9885,4731,6081,3680,6276,7815,9885,6270,8376,10074,6081,9885,5238,4377,7809,2466,8187,5094,9885,9885,5055,6337,9885,9897,7809,9885,7809,4731,8187,6099,5733,5094,5616,2747,2511,5094,2277,5427,2807,5977,2277,2514,2295,6099,2747,4377,2277,2777,2322,2277,4377,2527,2277,2641,2807,1029,2385,2484,3134,2511,2295,4377,6288,2367,2367,3878,2466,3170,5094,3482,3470,4353,4817,5049,3488,3518,4353,2819,4817,2277,2328,4542,5094,3182,5094,2277,5094,5513,5513,3089,3095,2807,3586,2355,
19471,12034,15311,19471,8873,15313,15437,15311,22310,12775,11151,7683,9885,19471,12535,15437,16695,15311,8476,9885,11151,15326,15374,15313,15374,15374,8438,9774,9774,11151,8476,5159,15374,11151,15313,12328,15313,15311,19534,9948,15374,15374,15311,15787,15374,4278,15374,8413,9948,5163,9885,15374,7683,8476,5175,22310,15374,15374,16695,11845,12535,12786,9822,11843,19471,25023,11845,4278,19471,11843,11971,19471,15374,9948,12332,11858,11143,11843,15311,12535,4278,19471,15374,12535,8476,15311,8438,19534,19534,11906,8371,8413,9885,19475,19471,8501,11843,6616,11908,15313,19471,11906,15500,19534,11843,19471,9822,8371,15311,4278,15437,9774,19471,19471,9761,12319,19471,19475,15311,19471,15311,8501,15437,11865,11151,9774,9948,5149,4293,9774,4215,9885,5185,11623,4215,4294,4237,11837,5149,8371,4215,5175,4230,4215,8371,4689,4215,4727,5185,1515,4267,4300,5854,4293,4237,8371,11900,4245,4245,7254,4278,5866,9774,6546,6542,8375,9307,9759,6564,6558,8375,5189,9307,4215,4232,8438,9774,5870,9774,4215,9774,10691,10691,5839,5841,5185,6782,4257,
12535,7828,9863,12535,5745,9865,9989,9863,14378,8235,7191,4965,6429,12535,8083,9989,10755,9863,5524,6429,7191,9878,9926,9865,9926,9926,5474,6318,6318,7191,5524,3349,9926,7191,9865,7958,9865,9863,12598,6492,9926,9926,9863,10175,9926,2802,9926,5461,6492,3353,6429,9926,4965,5524,3359,14378,9926,9926,10755,7639,8083,8246,6366,7637,12535,16095,7639,2802,12535,7637,7765,12535,9926,6492,7962,7652,7195,7637,9863,8083,2802,12535,9926,8083,5524,9863,5474,12598,12598,7700,5419,5461,6429,12539,12535,5537,7637,4320,7702,9865,12535,7700,10052,12598,7637,12535,6366,5419,9863,2802,9989,6318,12535,12535,6305,7949,12535,12539,9863,12535,9863,5537,9989,7653,7191,6318,6492,3339,2817,6318,2739,6429,3369,7499,2739,2818,2755,7643,3339,5419,2739,3359,2754,2739,5419,3049,2739,3087,3369,1023,2785,2818,3798,2817,2755,5419,7706,2769,2769,4706,2802,3810,6318,4244,4240,5411,6009,6303,4256,4256,5411,3373,6009,2739,2756,5474,6318,3814,6318,2739,6318,6901,6901,3783,3785,3369,4392,2775,
15437,10018,12169,15437,7171,12175,12547,12169,17806,10177,8901,6177,8187,15437,9989,12547,13257,12169,7044,8187,8901,12214,12358,12175,12358,12358,6910,7854,7854,8901,7044,4221,12358,8901,12175,9856,12175,12169,15626,8376,12358,12358,12169,12553,12358,3642,12358,6855,8376,4233,8187,12358,6177,7044,4225,17806,12358,12358,13257,9451,9989,10210,7998,9445,15437,19797,9451,3642,15437,9445,9829,15437,12358,8376,9868,9490,8897,9445,12169,9989,3642,15437,12358,9989,7044,12169,6910,15626,15626,9634,6729,6855,8187,15449,15437,7099,9445,5504,9640,12175,15437,9634,12736,15626,9445,15437,7998,6729,12169,3642,12547,7854,15437,15437,7815,9829,15437,15449,12169,15437,12169,7099,12547,9467,8901,7854,8376,4191,3687,7854,3453,8187,4255,9273,3453,3690,3475,9447,4191,6729,3453,4225,3498,3453,6729,3831,3453,3945,4255,1413,3565,3664,4774,3687,3475,6729,9636,3543,3543,5910,3642,4810,7854,5318,5306,6721,7453,7809,5328,5354,6721,4267,7453,3453,3504,6910,7854,4822,7854,3453,7854,8541,8541,4729,4735,4255,5494,3535,
16695,10352,13131,16695,7625,13133,13257,13131,19134,10959,9567,6597,8505,16695,10755,13257,14319,13131,7300,8505,9567,13146,13194,13133,13194,13194,7254,8394,8394,9567,7300,4437,13194,9567,13133,10582,13133,13131,16758,8568,13194,13194,13131,13543,13194,3690,13194,7237,8568,4441,8505,13194,6597,7300,4451,19134,13194,13194,14319,10163,10755,10970,8442,10161,16695,21447,10163,3690,16695,10161,10289,16695,13194,8568,10586,10176,9567,10161,13131,10755,3690,16695,13194,10755,7300,13131,7254,16758,16758,10224,7195,7237,8505,16699,16695,7317,10161,5704,10226,13133,16695,10224,13320,16758,10161,16695,8442,7195,13131,3690,13257,8394,16695,16695,8381,10573,16695,16699,13131,16695,13131,7317,13257,10181,9567,8394,8568,4427,3705,8394,3627,8505,4461,9975,3627,3706,3647,10163,4427,7195,3627,4451,3642,3627,7195,4037,3627,4075,4461,1323,3677,3710,5034,3705,3647,7195,10226,3657,3657,6238,3690,5046,8394,5628,5624,7191,7989,8379,5644,5640,7191,4465,7989,3627,3644,7254,8394,5050,8394,3627,8394,9177,9177,5019,5021,4461,5828,3667,
15311,9510,12043,15311,6993,12045,12169,12043,17554,10051,8775,6051,7809,15311,9863,12169,13131,12043,6700,7809,8775,12058,12106,12045,12106,12106,6658,7698,7698,8775,6700,4071,12106,8775,12045,9704,12045,12043,15374,7872,12106,12106,12043,12419,12106,3390,12106,6637,7872,4075,7809,12106,6051,6700,4083,17554,12106,12106,13131,9321,9863,10062,7746,9319,15311,19671,9321,3390,15311,9319,9447,15311,12106,7872,9708,9334,8771,9319,12043,9863,3390,15311,12106,9863,6700,12043,6658,15374,15374,9382,6595,6637,7809,15315,15311,6721,9319,5232,9384,12045,15311,9382,12232,15374,9319,15311,7746,6595,12043,3390,12169,7698,15311,15311,7685,9695,15311,15315,12043,15311,12043,6721,12169,9337,8775,7698,7872,4061,3405,7698,3327,7809,4093,9147,3327,3406,3345,9317,4061,6595,3327,4083,3342,3327,6595,3701,3327,3739,4093,1215,3375,3408,4618,3405,3345,6595,9380,3357,3357,5722,3390,4630,7698,5162,5158,6595,7327,7683,5176,5174,6595,4097,7327,3327,3344,6658,7698,4634,7698,3327,7698,8415,8415,4603,4605,4093,5346,3365,
8476,5744,6700,8476,4124,6704,7044,6700,9824,5620,4924,3448,4692,8476,5524,7044,7300,6700,4198,4692,4924,6776,6872,6704,6872,6872,3920,4424,4424,4924,4198,2442,6872,4924,6704,5516,6704,6700,8648,4864,6872,6872,6700,6924,6872,2144,6872,4026,4864,2458,4692,6872,3448,4198,2446,9824,6872,6872,7300,5228,5524,5676,4520,5224,8476,10828,5228,2144,8476,5224,5572,8476,6872,4864,5532,5300,4948,5224,6700,5524,2144,8476,6872,5524,4198,6700,3920,8648,8648,5396,3780,4026,4692,8484,8476,4092,5224,3218,5400,6704,8476,5396,7216,8648,5224,8476,4520,3780,6700,2144,7044,4440,8476,8476,4352,5448,8476,8484,6700,8476,6700,4092,7044,5240,4924,4424,4864,2372,2220,4424,1972,4692,2488,5140,1972,2224,1988,5252,2372,3780,1972,2446,2048,1972,3780,2192,1972,2412,2488,1028,2160,2160,2756,2220,1988,3780,5424,2124,2124,3430,2144,2810,4440,3056,3040,3748,4144,4348,3056,3110,3748,2504,4144,1972,2052,3920,4424,2818,4424,1972,4424,4744,4744,2668,2672,2488,3132,2120,
9885,6654,7809,9885,4675,7815,8187,7809,11454,6545,5733,4005,5427,9885,6429,8187,8505,7809,4692,5427,5733,7854,7998,7815,7998,7998,4542,5094,5094,5733,4692,2777,7998,5733,7815,6364,7815,7809,10074,5616,7998,7998,7809,8065,7998,2466,7998,4503,5616,2789,5427,7998,4005,4692,2777,11454,7998,7998,8505,6087,6429,6578,5238,6081,9885,12645,6087,2466,9885,6081,6465,9885,7998,5616,6376,6126,5745,6081,7809,6429,2466,9885,7998,6429,4692,7809,4542,10074,10074,6270,4377,4503,5427,9897,9885,4731,6081,3680,6276,7815,9885,6270,8376,10074,6081,9885,5238,4377,7809,2466,8187,5094,9885,9885,5055,6337,9885,9897,7809,9885,7809,4731,8187,6099,5733,5094,5616,2747,2511,5094,2277,5427,2807,5977,2277,2514,2295,6099,2747,4377,2277,2777,2322,2277,4377,2527,2277,2641,2807,1029,2385,2484,3134,2511,2295,4377,6288,2367,2367,3878,2466,3170,5094,3482,3470,4353,4817,5049,3488,3518,4353,2819,4817,2277,2328,4542,5094,3182,5094,2277,5094,5513,5513,3089,3095,2807,3586,2355,
11151,6986,8775,11151,5113,8777,8901,8775,12798,7327,6399,4419,5733,11151,7191,8901,9567,8775,4924,5733,6399,8790,8838,8777,8838,8838,4878,5622,5622,6399,4924,2983,8838,6399,8777,7080,8777,8775,11214,5796,8838,8838,8775,9051,8838,2502,8838,4861,5796,2987,5733,8838,4419,4924,2991,12798,8838,8838,9567,6797,7191,7338,5670,6795,11151,14319,6797,2502,11151,6795,6923,11151,8838,5796,7084,6810,6399,6795,8775,7191,2502,11151,8838,7191,4924,8775,4878,11214,11214,6858,4819,4861,5733,11155,11151,4941,6795,3848,6860,8777,11151,6858,8964,11214,6795,11151,5670,4819,8775,2502,8901,5622,11151,11151,5609,7071,11151,11155,8775,11151,8775,4941,8901,6809,6399,5622,5796,2973,2517,5622,2439,5733,3001,6671,2439,2518,2453,6797,2973,4819,2439,2991,2454,2439,4819,2713,2439,2751,3001,915,2483,2516,3382,2517,2453,4819,6860,2469,2469,4190,2502,3394,5622,3778,3774,4815,5347,5607,3788,3790,4815,3005,5347,2439,2456,4878,5622,3398,5622,2439,5622,6139,6139,3367,3369,3001,3910,2473,
15326,9570,12058,15326,7034,12060,12214,12058,17584,10066,8790,6066,7854,15326,9878,12214,13146,12058,6776,7854,8790,12088,12136,12060,12136,12136,6688,7728,7728,8790,6776,4098,12136,8790,12060,9730,12060,12058,15404,7932,12136,12136,12058,12434,12136,3420,12136,6698,7932,4106,7854,12136,6066,6776,4106,17584,12136,12136,13146,9336,9878,10088,7776,9334,15326,19686,9336,3420,15326,9334,9492,15326,12136,7932,9738,9364,8786,9334,12058,9878,3420,15326,12136,9878,6776,12058,6688,15404,15404,9412,6610,6698,7854,15330,15326,6766,9334,5266,9414,12060,15326,9412,12292,15404,9334,15326,7776,6610,12058,3420,12214,7728,15326,15326,7700,9710,15326,15330,12058,15326,12058,6766,12214,9352,8790,7728,7932,4076,3450,7728,3342,7854,4126,9162,3342,3452,3360,9332,4076,6610,3342,4106,3372,3342,6610,3716,3342,3794,4126,1264,3422,3438,4648,3450,3360,6610,9410,3402,3402,5768,3420,4672,7728,5192,5184,6610,7342,7698,5202,5216,6610,4134,7342,3342,3374,6688,7728,4676,7728,3342,7728,8430,8430,4618,4620,4126,5372,3402,
15374,9764,12106,15374,7082,12110,12358,12106,17680,10114,8838,6114,7998,15374,9926,12358,13194,12106,6872,7998,8838,12136,12232,12110,12232,12232,6784,7776,7776,8838,6872,4146,12232,8838,12110,9780,12110,12106,15500,8124,12232,12232,12106,12486,12232,3516,12232,6746,8124,4154,7998,12232,6114,6872,4154,17680,12232,12232,13194,9386,9926,10136,7872,9382,15374,19734,9386,3516,15374,9382,9638,15374,12232,8124,9788,9412,8834,9382,12106,9926,3516,15374,12232,9926,6872,12106,6784,15500,15500,9508,6662,6746,7998,15382,15374,6910,9382,5368,9512,12110,15374,9508,12484,15500,9382,15374,7872,6662,12106,3516,12358,7776,15374,15374,7750,9762,15374,15382,12106,15374,12106,6910,12358,9402,8838,7776,8124,4126,3546,7776,3390,7998,4174,9210,3390,3548,3410,9382,4126,6662,3390,4154,3420,3390,6662,3766,3390,3842,4174,1314,3470,3536,4696,3546,3410,6662,9508,3450,3450,5816,3516,4720,7776,5240,5232,6658,7390,7746,5252,5264,6658,4182,7390,3390,3424,6784,7776,4728,7776,3390,7776,8478,8478,4666,4670,4174,5420,3450,
15313,9533,12045,15313,6995,12062,12175,12045,17558,10053,8777,6053,7815,15313,9865,12175,13133,12045,6704,7815,8777,12060,12110,12062,12110,12110,6662,7700,7700,8777,6704,4073,12110,8777,12062,9717,12062,12045,15378,7880,12110,12110,12045,12445,12110,3394,12110,6639,7880,4077,7815,12110,6053,6704,4085,17558,12110,12110,13133,9338,9865,10064,7750,9321,15313,19673,9338,3394,15313,9321,9468,15313,12110,7880,9721,9336,8773,9321,12045,9865,3394,15313,12110,9865,6704,12045,6662,15378,15378,9386,6643,6639,7815,15347,15313,6727,9321,5285,9403,12062,15313,9386,12240,15378,9321,15313,7750,6643,12045,3394,12175,7700,15313,15313,7718,9721,15313,15347,12045,15313,12045,6727,12175,9346,8777,7700,7880,4074,3409,7700,3329,7815,4095,9149,3329,3410,3354,9334,4074,6643,3329,4085,3344,3329,6643,3714,3329,3741,4095,1228,3377,3419,4620,3409,3354,6643,9399,3359,3359,5724,3394,4632,7700,5164,5160,6597,7329,7685,5185,5176,6597,4099,7329,3329,3361,6662,7700,4662,7700,3329,7700,8417,8417,4605,4622,4095,5348,3367,
15374,9764,12106,15374,7082,12110,12358,12106,17680,10114,8838,6114,7998,15374,9926,12358,13194,12106,6872,7998,8838,12136,12232,12110,12232,12232,6784,7776,7776,8838,6872,4146,12232,8838,12110,9780,12110,12106,15500,8124,12232,12232,12106,12486,12232,3516,12232,6746,8124,4154,7998,12232,6114,6872,4154,17680,12232,12232,13194,9386,9926,10136,7872,9382,15374,19734,9386,3516,15374,9382,9638,15374,12232,8124,9788,9412,8834,9382,12106,9926,3516,15374,12232,9926,6872,12106,6784,15500,15500,9508,6662,6746,7998,15382,15374,6910,9382,5368,9512,12110,15374,9508,12484,15500,9382,15374,7872,6662,12106,3516,12358,7776,15374,15374,7750,9762,15374,15382,12106,15374,12106,6910,12358,9402,8838,7776,8124,4126,3546,7776,3390,7998,4174,9210,3390,3548,3410,9382,4126,6662,3390,4154,3420,3390,6662,3766,3390,3842,4174,1314,3470,3536,4696,3546,3410,6662,9508,3450,3450,5816,3516,4720,7776,5240,5232,6658,7390,7746,5252,5264,6658,4182,7390,3390,3424,6784,7776,4728,7776,3390,7776,8478,8478,4666,4670,4174,5420,3450,
15374,9764,12106,15374,7082,12110,12358,12106,17680,10114,8838,6114,7998,15374,9926,12358,13194,12106,6872,7998,8838,12136,12232,12110,12232,12232,6784,7776,7776,8838,6872,4146,12232,8838,12110,9780,12110,12106,15500,8124,12232,12232,12106,12486,12232,3516,12232,6746,8124,4154,7998,12232,6114,6872,4154,17680,12232,12232,13194,9386,9926,10136,7872,9382,15374,19734,9386,3516,15374,9382,9638,15374,12232,8124,9788,9412,8834,9382,12106,9926,3516,15374,12232,9926,6872,12106,6784,15500,15500,9508,6662,6746,7998,15382,15374,6910,9382,5368,9512,12110,15374,9508,12484,15500,9382,15374,7872,6662,12106,3516,12358,7776,15374,15374,7750,9762,15374,15382,12106,15374,12106,6910,12358,9402,8838,7776,8124,4126,3546,7776,3390,7998,4174,9210,3390,3548,3410,9382,4126,6662,3390,4154,3420,3390,6662,3766,3390,3842,4174,1314,3470,3536,4696,3546,3410,6662,9508,3450,3450,5816,3516,4720,7776,5240,5232,6658,7390,7746,5252,5264,6658,4182,7390,3390,3424,6784,7776,4728,7776,3390,7776,8478,8478,4666,4670,4174,5420,3450,
8438,5558,6658,8438,3954,6662,6910,6658,9748,5574,4878,3396,4542,8438,5474,6910,7254,6658,3920,4542,4878,6688,6784,6662,6784,6784,3820,4320,4320,4878,3920,2336,6784,4878,6662,5410,6662,6658,8564,4668,6784,6784,6658,6874,6784,2040,6784,3794,4668,2344,4542,6784,3396,3920,2338,9748,6784,6784,7254,5180,5474,5596,4416,5176,8438,10806,5180,2040,8438,5176,5432,8438,6784,4668,5418,5206,4886,5176,6658,5474,2040,8438,6784,5474,3920,6658,3820,8564,8564,5302,3710,3794,4542,8446,8438,3946,5176,3072,5306,6662,8438,5302,7036,8564,5176,8438,4416,3710,6658,2040,6910,4320,8438,8438,4294,5392,8438,8446,6658,8438,6658,3946,6910,5190,4878,4320,4668,2316,2070,4320,1914,4542,2358,5086,1914,2072,1928,5188,2316,3710,1914,2338,1944,1914,3710,2126,1914,2202,2358,822,1988,2054,2640,2070,1928,3710,5314,1974,1974,3268,2040,2664,4320,2938,2930,3694,4092,4290,2944,2962,3694,2366,4092,1914,1948,3820,4320,2672,4320,1914,4320,4688,4688,2610,2614,2358,3030,1968,
9774,6206,7698,9774,4538,7700,7854,7698,11232,6434,5622,3894,5094,9774,6318,7854,8394,7698,4424,5094,5622,7728,7776,7700,7776,7776,4320,4968,4968,5622,4424,2654,7776,5622,7700,6238,7700,7698,9852,5172,7776,7776,7698,7946,7776,2244,7776,4346,5172,2662,5094,7776,3894,4424,2658,11232,7776,7776,8394,5972,6318,6456,5016,5970,9774,12534,5972,2244,9774,5970,6128,9774,7776,5172,6246,6000,5634,5970,7698,6318,2244,9774,7776,6318,4424,7698,4320,9852,9852,6048,4258,4346,5094,9778,9774,4398,5970,3442,6050,7700,9774,6048,7932,9852,5970,9774,5016,4258,7698,2244,7854,4968,9774,9774,4940,6218,9774,9778,7698,9774,7698,4398,7854,5984,5622,4968,5172,2632,2274,4968,2166,5094,2678,5866,2166,2276,2180,5984,2632,4258,2166,2658,2196,2166,4258,2412,2166,2490,2678,880,2242,2258,3008,2274,2180,4258,6062,2226,2226,3736,2244,3032,4968,3356,3348,4242,4706,4938,3362,3380,4242,2686,4706,2166,2198,4320,4968,3036,4968,2166,4968,5402,5402,2978,2980,2678,3464,2222,
9774,6206,7698,9774,4538,7700,7854,7698,11232,6434,5622,3894,5094,9774,6318,7854,8394,7698,4424,5094,5622,7728,7776,7700,7776,7776,4320,4968,4968,5622,4424,2654,7776,5622,7700,6238,7700,7698,9852,5172,7776,7776,7698,7946,7776,2244,7776,4346,5172,2662,5094,7776,3894,4424,2658,11232,7776,7776,8394,5972,6318,6456,5016,5970,9774,12534,5972,2244,9774,5970,6128,9774,7776,5172,6246,6000,5634,5970,7698,6318,2244,9774,7776,6318,4424,7698,4320,9852,9852,6048,4258,4346,5094,9778,9774,4398,5970,3442,6050,7700,9774,6048,7932,9852,5970,9774,5016,4258,7698,2244,7854,4968,9774,9774,4940,6218,9774,9778,7698,9774,7698,4398,7854,5984,5622,4968,5172,2632,2274,4968,2166,5094,2678,5866,2166,2276,2180,5984,2632,4258,2166,2658,2196,2166,4258,2412,2166,2490,2678,880,2242,2258,3008,2274,2180,4258,6062,2226,2226,3736,2244,3032,4968,3356,3348,4242,4706,4938,3362,3380,4242,2686,4706,2166,2198,4320,4968,3036,4968,2166,4968,5402,5402,2978,2980,2678,3464,2222,
11151,6986,8775,11151,5113,8777,8901,8775,12798,7327,6399,4419,5733,11151,7191,8901,9567,8775,4924,5733,6399,8790,8838,8777,8838,8838,4878,5622,5622,6399,4924,2983,8838,6399,8777,7080,8777,8775,11214,5796,8838,8838,8775,9051,8838,2502,8838,4861,5796,2987,5733,8838,4419,4924,2991,12798,8838,8838,9567,6797,7191,7338,5670,6795,11151,14319,6797,2502,11151,6795,6923,11151,8838,5796,7084,6810,6399,6795,8775,7191,2502,11151,8838,7191,4924,8775,4878,11214,11214,6858,4819,4861,5733,11155,11151,4941,6795,3848,6860,8777,11151,6858,8964,11214,6795,11151,5670,4819,8775,2502,8901,5622,11151,11151,5609,7071,11151,11155,8775,11151,8775,4941,8901,6809,6399,5622,5796,2973,2517,5622,2439,5733,3001,6671,2439,2518,2453,6797,2973,4819,2439,2991,2454,2439,4819,2713,2439,2751,3001,915,2483,2516,3382,2517,2453,4819,6860,2469,2469,4190,2502,3394,5622,3778,3774,4815,5347,5607,3788,3790,4815,3005,5347,2439,2456,4878,5622,3398,5622,2439,5622,6139,6139,3367,3369,3001,3910,2473,
8476,5744,6700,8476,4124,6704,7044,6700,9824,5620,4924,3448,4692,8476,5524,7044,7300,6700,4198,4692,4924,6776,6872,6704,6872,6872,3920,4424,4424,4924,4198,2442,6872,4924,6704,5516,6704,6700,8648,4864,6872,6872,6700,6924,6872,2144,6872,4026,4864,2458,4692,6872,3448,4198,2446,9824,6872,6872,7300,5228,5524,5676,4520,5224,8476,10828,5228,2144,8476,5224,5572,8476,6872,4864,5532,5300,4948,5224,6700,5524,2144,8476,6872,5524,4198,6700,3920,8648,8648,5396,3780,4026,4692,8484,8476,4092,5224,3218,5400,6704,8476,5396,7216,8648,5224,8476,4520,3780,6700,2144,7044,4440,8476,8476,4352,5448,8476,8484,6700,8476,6700,4092,7044,5240,4924,4424,4864,2372,2220,4424,1972,4692,2488,5140,1972,2224,1988,5252,2372,3780,1972,2446,2048,1972,3780,2192,1972,2412,2488,1028,2160,2160,2756,2220,1988,3780,5424,2124,2124,3430,2144,2810,4440,3056,3040,3748,4144,4348,3056,3110,3748,2504,4144,1972,2052,3920,4424,2818,4424,1972,4424,4744,4744,2668,2672,2488,3132,2120,
5159,3393,4071,5159,2463,4073,4221,4071,5956,3409,2983,2078,2777,5159,3349,4221,4437,4071,2442,2777,2983,4098,4146,4073,4146,4146,2336,2654,2654,2983,2442,1470,4146,2983,4073,3333,4073,4071,5234,2852,4146,4146,4071,4205,4146,1248,4146,2367,2852,1472,2777,4146,2078,2442,1483,5956,4146,4146,4437,3168,3349,3430,2702,3166,5159,6603,3168,1248,5159,3166,3318,5159,4146,2852,3335,3193,2993,3166,4071,3349,1248,5159,4146,3349,2442,4071,2336,5234,5234,3241,2275,2367,2777,5163,5159,2411,3166,1918,3243,4073,5159,3241,4296,5234,3166,5159,2702,2275,4071,1248,4221,2668,5159,5159,2629,3300,5159,5163,4071,5159,4071,2411,4221,3175,2983,2654,2852,1418,1275,2654,1173,2777,1491,3113,1173,1292,1182,3178,1418,2275,1173,1483,1200,1173,2275,1305,1173,1391,1491,553,1248,1257,1636,1275,1182,2275,3253,1227,1227,2020,1248,1648,2668,1819,1817,2261,2504,2627,1826,1831,2261,1493,2504,1173,1202,2336,2654,1652,2654,1173,2654,2870,2870,1599,1601,1491,1873,1242,
15374,9764,12106,15374,7082,12110,12358,12106,17680,10114,8838,6114,7998,15374,9926,12358,13194,12106,6872,7998,8838,12136,12232,12110,12232,12232,6784,7776,7776,8838,6872,4146,12232,8838,12110,9780,12110,12106,15500,8124,12232,12232,12106,12486,12232,3516,12232,6746,8124,4154,7998,12232,6114,6872,4154,17680,12232,12232,13194,9386,9926,10136,7872,9382,15374,19734,9386,3516,15374,9382,9638,15374,12232,8124,9788,9412,8834,9382,12106,9926,3516,15374,12232,9926,6872,12106,6784,15500,15500,9508,6662,6746,7998,15382,15374,6910,9382,5368,9512,12110,15374,9508,12484,15500,9382,15374,7872,6662,12106,3516,12358,7776,15374,15374,7750,9762,15374,15382,12106,15374,12106,6910,12358,9402,8838,7776,8124,4126,3546,7776,3390,7998,4174,9210,3390,3548,3410,9382,4126,6662,3390,4154,3420,3390,6662,3766,3390,3842,4174,1314,3470,3536,4696,3546,3410,6662,9508,3450,3450,5816,3516,4720,7776,5240,5232,6658,7390,7746,5252,5264,6658,4182,7390,3390,3424,6784,7776,4728,7776,3390,7776,8478,8478,4666,4670,4174,5420,3450,
11151,6986,8775,11151,5113,8777,8901,8775,12798,7327,6399,4419,5733,11151,7191,8901,9567,8775,4924,5733,6399,8790,8838,8777,8838,8838,4878,5622,5622,6399,4924,2983,8838,6399,8777,7080,8777,8775,11214,5796,8838,8838,8775,9051,8838,2502,8838,4861,5796,2987,5733,8838,4419,4924,2991,12798,8838,8838,9567,6797,7191,7338,5670,6795,11151,14319,6797,2502,11151,6795,6923,11151,8838,5796,7084,6810,6399,6795,8775,7191,2502,11151,8838,7191,4924,8775,4878,11214,11214,6858,4819,4861,5733,11155,11151,4941,6795,3848,6860,8777,11151,6858,8964,11214,6795,11151,5670,4819,8775,2502,8901,5622,11151,11151,5609,7071,11151,11155,8775,11151,8775,4941,8901,6809,6399,5622,5796,2973,2517,5622,2439,5733,3001,6671,2439,2518,2453,6797,2973,4819,2439,2991,2454,2439,4819,2713,2439,2751,3001,915,2483,2516,3382,2517,2453,4819,6860,2469,2469,4190,2502,3394,5622,3778,3774,4815,5347,5607,3788,3790,4815,3005,5347,2439,2456,4878,5622,3398,5622,2439,5622,6139,6139,3367,3369,3001,3910,2473,
15313,9533,12045,15313,6995,12062,12175,12045,17558,10053,8777,6053,7815,15313,9865,12175,13133,12045,6704,7815,8777,12060,12110,12062,12110,12110,6662,7700,7700,8777,6704,4073,12110,8777,12062,9717,12062,12045,15378,7880,12110,12110,12045,12445,12110,3394,12110,6639,7880,4077,7815,12110,6053,6704,4085,17558,12110,12110,13133,9338,9865,10064,7750,9321,15313,19673,9338,3394,15313,9321,9468,15313,12110,7880,9721,9336,8773,9321,12045,9865,3394,15313,12110,9865,6704,12045,6662,15378,15378,9386,6643,6639,7815,15347,15313,6727,9321,5285,9403,12062,15313,9386,12240,15378,9321,15313,7750,6643,12045,3394,12175,7700,15313,15313,7718,9721,15313,15347,12045,15313,12045,6727,12175,9346,8777,7700,7880,4074,3409,7700,3329,7815,4095,9149,3329,3410,3354,9334,4074,6643,3329,4085,3344,3329,6643,3714,3329,3741,4095,1228,3377,3419,4620,3409,3354,6643,9399,3359,3359,5724,3394,4632,7700,5164,5160,6597,7329,7685,5185,5176,6597,4099,7329,3329,3361,6662,7700,4662,7700,3329,7700,8417,8417,4605,4622,4095,5348,3367,
12328,7760,9704,12328,5714,9717,9856,9704,14150,8106,7080,4895,6364,12328,7958,9856,10582,9704,5516,6364,7080,9730,9780,9717,9780,9780,5410,6238,6238,7080,5516,3333,9780,7080,9717,7874,9717,9704,12404,6440,9780,9780,9704,10034,9780,2786,9780,5440,6440,3335,6364,9780,4895,5516,3354,14150,9780,9780,10582,7532,7958,8126,6288,7519,12328,15820,7532,2786,12328,7519,7684,12328,9780,6440,7874,7545,7090,7519,9704,7958,2786,12328,9780,7958,5516,9704,5410,12404,12404,7595,5382,5440,6364,12354,12328,5486,7519,4347,7608,9717,12328,7595,9932,12404,7519,12328,6288,5382,9704,2786,9856,6254,12328,12328,6237,7849,12328,12354,9704,12328,9704,5486,9856,7543,7080,6238,6440,3308,2812,6238,2710,6364,3362,7386,2710,2814,2734,7542,3308,5382,2710,3354,2736,2710,5382,3027,2710,3104,3362,1095,2793,2810,3774,2812,2734,5382,7618,2762,2762,4668,2786,3784,6254,4213,4211,5334,5921,6212,4235,4223,5334,3364,5921,2710,2749,5410,6238,3810,6238,2710,6238,6799,6799,3736,3749,3362,4355,2789,
15313,9533,12045,15313,6995,12062,12175,12045,17558,10053,8777,6053,7815,15313,9865,12175,13133,12045,6704,7815,8777,12060,12110,12062,12110,12110,6662,7700,7700,8777,6704,4073,12110,8777,12062,9717,12062,12045,15378,7880,12110,12110,12045,12445,12110,3394,12110,6639,7880,4077,7815,12110,6053,6704,4085,17558,12110,12110,13133,9338,9865,10064,7750,9321,15313,19673,9338,3394,15313,9321,9468,15313,12110,7880,9721,9336,8773,9321,12045,9865,3394,15313,12110,9865,6704,12045,6662,15378,15378,9386,6643,6639,7815,15347,15313,6727,9321,5285,9403,12062,15313,9386,12240,15378,9321,15313,7750,6643,12045,3394,12175,7700,15313,15313,7718,9721,15313,15347,12045,15313,12045,6727,12175,9346,8777,7700,7880,4074,3409,7700,3329,7815,4095,9149,3329,3410,3354,9334,4074,6643,3329,4085,3344,3329,6643,3714,3329,3741,4095,1228,3377,3419,4620,3409,3354,6643,9399,3359,3359,5724,3394,4632,7700,5164,5160,6597,7329,7685,5185,5176,6597,4099,7329,3329,3361,6662,7700,4662,7700,3329,7700,8417,8417,4605,4622,4095,5348,3367,
15311,9510,12043,15311,6993,12045,12169,12043,17554,10051,8775,6051,7809,15311,9863,12169,13131,12043,6700,7809,8775,12058,12106,12045,12106,12106,6658,7698,7698,8775,6700,4071,12106,8775,12045,9704,12045,12043,15374,7872,12106,12106,12043,12419,12106,3390,12106,6637,7872,4075,7809,12106,6051,6700,4083,17554,12106,12106,13131,9321,9863,10062,7746,9319,15311,19671,9321,3390,15311,9319,9447,15311,12106,7872,9708,9334,8771,9319,12043,9863,3390,15311,12106,9863,6700,12043,6658,15374,15374,9382,6595,6637,7809,15315,15311,6721,9319,5232,9384,12045,15311,9382,12232,15374,9319,15311,7746,6595,12043,3390,12169,7698,15311,15311,7685,9695,15311,15315,12043,15311,12043,6721,12169,9337,8775,7698,7872,4061,3405,7698,3327,7809,4093,9147,3327,3406,3345,9317,4061,6595,3327,4083,3342,3327,6595,3701,3327,3739,4093,1215,3375,3408,4618,3405,3345,6595,9380,3357,3357,5722,3390,4630,7698,5162,5158,6595,7327,7683,5176,5174,6595,4097,7327,3327,3344,6658,7698,4634,7698,3327,7698,8415,8415,4603,4605,4093,5346,3365,
19534,12288,15374,19534,8962,15378,15626,15374,22436,12838,11214,7746,10074,19534,12598,15626,16758,15374,8648,10074,11214,15404,15500,15378,15500,15500,8564,9852,9852,11214,8648,5234,15500,11214,15378,12404,15378,15374,19660,10200,15500,15500,15374,15854,15500,4404,15500,8522,10200,5242,10074,15500,7746,8648,5246,22436,15500,15500,16758,11910,12598,12860,9948,11906,19534,25086,11910,4404,19534,11906,12162,19534,15500,10200,12412,11936,11206,11906,15374,12598,4404,19534,15500,12598,8648,15374,8564,19660,19660,12032,8438,8522,10074,19542,19534,8690,11906,6752,12036,15378,19534,12032,15752,19660,11906,19534,9948,8438,15374,4404,15626,9852,19534,19534,9826,12386,19534,19542,15374,19534,15374,8690,15626,11930,11214,9852,10200,5214,4434,9852,4278,10074,5266,11686,4278,4436,4302,11902,5214,8438,4278,5246,4308,4278,8438,4754,4278,4830,5266,1614,4362,4428,5932,4434,4302,8438,12028,4338,4338,7348,4404,5956,9852,6624,6616,8438,9370,9822,6640,6648,8438,5274,9370,4278,4312,8564,9852,5964,9852,4278,9852,10754,10754,5902,5906,5266,6856,4342,
9948,6908,7872,9948,4764,7880,8376,7872,11580,6608,5796,4068,5616,9948,6492,8376,8568,7872,4864,5616,5796,7932,8124,7880,8124,8124,4668,5172,5172,5796,4864,2852,8124,5796,7880,6440,7880,7872,10200,5868,8124,8124,7872,8132,8124,2592,8124,4612,5868,2868,5616,8124,4068,4864,2848,11580,8124,8124,8568,6152,6492,6652,5364,6144,9948,12708,6152,2592,9948,6144,6656,9948,8124,5868,6456,6204,5808,6144,7872,6492,2592,9948,8124,6492,4864,7872,4668,10200,10200,6396,4444,4612,5616,9964,9948,4920,6144,3816,6404,7880,9948,6396,8628,10200,6144,9948,5364,4444,7872,2592,8376,5172,9948,9948,5120,6404,9948,9964,7872,9948,7872,4920,8376,6164,5796,5172,5868,2812,2652,5172,2340,5616,2888,6040,2340,2656,2360,6164,2812,4444,2340,2848,2400,2340,4444,2592,2340,2744,2888,1128,2480,2612,3212,2652,2360,4444,6416,2460,2460,3972,2592,3260,5172,3560,3544,4416,4880,5112,3564,3608,4416,2904,4880,2340,2408,4668,5172,3276,5172,2340,5172,5576,5576,3152,3160,2888,3660,2440,
