8.18434e+203,9.26782e+203,4.97886e+204,2.31292e+205,1.84821e+207,3.09753e+209,2.73248e+209,
9.26782e+203,1.04947e+204,5.63798e+204,2.61911e+205,2.09288e+207,3.50759e+209,3.09422e+209,
4.97886e+204,5.63798e+204,3.02885e+205,1.40705e+206,1.12435e+208,1.88439e+210,1.66231e+210,
2.31292e+205,2.61911e+205,1.40705e+206,6.53646e+206,5.22322e+208,8.75406e+210,7.72238e+210,
1.84821e+207,2.09288e+207,1.12435e+208,5.22322e+208,4.1739e+210,6.99555e+212,6.17111e+212,
3.09753e+209,3.50759e+209,1.88439e+210,8.75406e+210,6.99555e+212,1.1725e+215,1.03432e+215,
2.73248e+209,3.09422e+209,1.66231e+210,7.72238e+210,6.17111e+212,1.03432e+215,9.12419e+214,
