8.18434e+203,9.26782e+203,4.97886e+204,2.31292e+205,1.84821e+207,3.09753e+209,2.73248e+209,1.9155e+204,2.39329e+204,1.44757e+205,1.4363e+207,1.41493e+208,2.4913e+210,1.09178e+211,3.15572e+205,3.61493e+205,1.79183e+206,1.16379e+207,1.69706e+209,1.01688e+211,6.97799e+209,1.55162e+205,3.53108e+205,3.7589e+207,3.86213e+207,1.71163e+202,8.65139e+205,1.23345e+207,3.9388e+203,1.30352e+204,3.87108e+208,
9.26782e+203,1.04947e+204,5.63798e+204,2.61911e+205,2.09288e+207,3.50759e+209,3.09422e+209,2.16908e+204,2.71012e+204,1.63921e+205,1.62645e+207,1.60225e+208,2.82112e+210,1.23632e+211,3.57349e+205,4.09349e+205,2.02904e+206,1.31785e+207,1.92173e+209,1.1515e+211,7.90178e+209,1.75703e+205,3.99854e+205,4.25652e+207,4.37342e+207,1.93822e+202,9.7967e+205,1.39674e+207,4.46023e+203,1.47608e+204,4.38355e+208,
4.97886e+204,5.63798e+204,3.02885e+205,1.40705e+206,1.12435e+208,1.88439e+210,1.66231e+210,1.16527e+205,1.45594e+205,8.80619e+205,8.7377e+207,8.60774e+208,1.5156e+211,6.64193e+211,1.91977e+206,2.19912e+206,1.09005e+207,7.07986e+207,1.03241e+210,6.18623e+211,4.24509e+210,9.43914e+205,2.14811e+206,2.28672e+208,2.34952e+208,1.04125e+203,5.26302e+206,7.50365e+207,2.39613e+204,7.92982e+204,2.35497e+209,
2.31292e+205,2.61911e+205,1.40705e+206,6.53646e+206,5.22322e+208,8.75406e+210,7.72238e+210,5.41327e+205,6.76354e+205,4.09092e+206,4.05913e+208,3.99877e+209,7.04083e+211,3.08557e+212,8.91829e+206,1.0216e+207,5.06385e+207,3.28897e+208,4.79614e+210,2.87387e+212,1.97209e+211,4.38496e+206,9.97906e+206,1.06231e+209,1.09148e+209,4.83706e+203,2.44495e+207,3.48585e+208,1.11311e+205,3.68379e+205,1.09402e+210,
1.84821e+207,2.09288e+207,1.12435e+208,5.22322e+208,4.1739e+210,6.99555e+212,6.17111e+212,4.32565e+207,5.40463e+207,3.26901e+208,3.24367e+210,3.19546e+211,5.62652e+213,2.46578e+214,7.12653e+208,8.16355e+208,4.04651e+209,2.62823e+210,3.83268e+212,2.2966e+214,1.57594e+213,3.50397e+208,7.97419e+208,8.48896e+210,8.7221e+210,3.86513e+205,1.95374e+209,2.78555e+210,8.89464e+206,2.94364e+207,8.74245e+211,
3.09753e+209,3.50759e+209,1.88439e+210,8.75406e+210,6.99555e+212,1.1725e+215,1.03432e+215,7.24965e+209,9.058e+209,5.47881e+210,5.43645e+212,5.35571e+213,9.43047e+215,4.13285e+216,1.1944e+211,1.36821e+211,6.78197e+211,4.40496e+212,6.42379e+214,3.8493e+216,2.64138e+215,5.87261e+210,1.33647e+211,1.42277e+213,1.46185e+213,6.47769e+207,3.27448e+211,4.66864e+212,1.4907e+209,4.93345e+209,1.46527e+214,
2.73248e+209,3.09422e+209,1.66231e+210,7.72238e+210,6.17111e+212,1.03432e+215,9.12419e+214,6.39527e+209,7.9905e+209,4.83312e+210,4.79576e+212,4.72453e+213,8.31907e+215,3.64578e+216,1.05364e+211,1.20696e+211,5.9827e+211,3.88583e+212,5.66673e+214,3.39565e+216,2.33009e+215,5.18051e+210,1.17896e+211,1.2551e+213,1.28957e+213,5.71429e+207,2.88857e+211,4.11843e+212,1.31502e+209,4.35203e+209,1.29259e+214,
1.9155e+204,2.16908e+204,1.16527e+205,5.41327e+205,4.32565e+207,7.24965e+209,6.39527e+209,4.48311e+204,5.60136e+204,3.38796e+205,3.3616e+207,3.31159e+208,5.83082e+210,2.55529e+211,7.38581e+205,8.46056e+205,4.19369e+206,2.72379e+207,3.97191e+209,2.37997e+211,1.63318e+210,3.63147e+205,8.26431e+205,8.79755e+207,9.03916e+207,4.00596e+202,2.02481e+206,2.88683e+207,9.21853e+203,3.05081e+204,9.06012e+208,
2.39329e+204,2.71012e+204,1.45594e+205,6.76354e+205,5.40463e+207,9.058e+209,7.9905e+209,5.60136e+204,6.99854e+204,4.23304e+205,4.20011e+207,4.13763e+208,7.28526e+210,3.19268e+211,9.2281e+205,1.05709e+206,5.23975e+206,3.4032e+207,4.96266e+209,2.97363e+211,2.04055e+210,4.5373e+205,1.03257e+206,1.0992e+208,1.12939e+208,5.00518e+202,2.52988e+206,3.60691e+207,1.1518e+204,3.81179e+204,1.13201e+209,
1.44757e+205,1.63921e+205,8.80619e+205,4.09092e+206,3.26901e+208,5.47881e+210,4.83312e+210,3.38796e+205,4.23304e+205,2.56035e+206,2.54045e+208,2.50267e+209,4.40657e+211,1.93113e+212,5.58161e+206,6.39382e+206,3.16927e+207,2.05844e+208,3.00171e+210,1.79864e+212,1.23425e+211,2.74438e+206,6.24551e+206,6.64855e+208,6.83114e+208,3.02734e+203,1.5302e+207,2.18165e+208,6.96657e+204,2.30554e+205,6.84701e+209,
1.4363e+207,1.62645e+207,8.7377e+207,4.05913e+208,3.24367e+210,5.43645e+212,4.79576e+212,3.3616e+207,4.20011e+207,2.54045e+208,2.52075e+210,2.48329e+211,4.37254e+213,1.91623e+214,5.53825e+208,6.34415e+208,3.14467e+209,2.04248e+210,2.97849e+212,1.78475e+214,1.22471e+213,2.72305e+208,6.19699e+208,6.59703e+210,6.77821e+210,3.00372e+205,1.51832e+209,2.16474e+210,6.91231e+206,2.2876e+207,6.79402e+211,
1.41493e+208,1.60225e+208,8.60774e+208,3.99877e+209,3.19546e+211,5.35571e+213,4.72453e+213,3.31159e+208,4.13763e+208,2.50267e+209,2.48329e+211,2.44639e+212,4.30761e+214,1.88778e+215,5.45589e+209,6.24981e+209,3.09792e+210,2.01212e+211,2.93425e+213,1.75826e+215,1.20652e+214,2.68255e+209,6.10484e+209,6.499e+211,6.67748e+211,2.959e+206,1.49574e+210,2.13256e+211,6.80946e+207,2.25357e+208,6.69309e+212,
2.4913e+210,2.82112e+210,1.5156e+211,7.04083e+211,5.62652e+213,9.43047e+215,8.31907e+215,5.83082e+210,7.28526e+210,4.40657e+211,4.37254e+213,4.30761e+214,7.58502e+216,3.3241e+217,9.60649e+211,1.10044e+212,5.45472e+212,3.54291e+213,5.16669e+215,3.09603e+217,2.12448e+216,4.7233e+211,1.07491e+212,1.14434e+214,1.17577e+214,5.20989e+208,2.63365e+212,3.75498e+213,1.19895e+210,3.96792e+210,1.17853e+215,
1.09178e+211,1.23632e+211,6.64193e+211,3.08557e+212,2.46578e+214,4.13285e+216,3.64578e+216,2.55529e+211,3.19268e+211,1.93113e+212,1.91623e+214,1.88778e+215,3.3241e+217,1.45677e+218,4.20994e+212,4.82256e+212,2.39048e+213,1.55265e+214,2.26427e+216,1.35682e+218,9.31043e+216,2.06993e+212,4.71069e+212,5.01497e+214,5.1527e+214,2.28316e+209,1.15417e+213,1.64559e+214,5.25426e+210,1.73889e+211,5.16481e+215,
3.15572e+205,3.57349e+205,1.91977e+206,8.91829e+206,7.12653e+208,1.1944e+211,1.05364e+211,7.38581e+205,9.2281e+205,5.58161e+206,5.53825e+208,5.45589e+209,9.60649e+211,4.20994e+212,1.2168e+207,1.39387e+207,6.90908e+207,4.48745e+208,6.54383e+210,3.9211e+212,2.69071e+211,5.9828e+206,1.36154e+207,1.4494e+209,1.48921e+209,6.59963e+203,3.33587e+207,4.75606e+208,1.51872e+205,5.02612e+205,1.49267e+210,
3.61493e+205,4.09349e+205,2.19912e+206,1.0216e+207,8.16355e+208,1.36821e+211,1.20696e+211,8.46056e+205,1.05709e+206,6.39382e+206,6.34415e+208,6.24981e+209,1.10044e+212,4.82256e+212,1.39387e+207,1.5967e+207,7.91446e+207,5.14045e+208,7.49606e+210,4.49169e+212,3.08225e+211,6.85338e+206,1.55966e+207,1.66031e+209,1.70591e+209,7.55996e+203,3.82129e+207,5.44815e+208,1.73972e+205,5.7575e+205,1.70988e+210,
1.79183e+206,2.02904e+206,1.09005e+207,5.06385e+207,4.04651e+209,6.78197e+211,5.9827e+211,4.19369e+206,5.23975e+206,3.16927e+207,3.14467e+209,3.09792e+210,5.45472e+212,2.39048e+213,6.90908e+207,7.91446e+207,3.92303e+208,2.54802e+209,3.71567e+211,2.22647e+213,1.52782e+212,3.39706e+207,7.73088e+207,8.22986e+209,8.45588e+209,3.74726e+204,1.89413e+208,2.70054e+209,8.62333e+205,2.85385e+206,8.47557e+210,
1.16379e+207,1.31785e+207,7.07986e+207,3.28897e+208,2.62823e+210,4.40496e+212,3.88583e+212,2.72379e+207,3.4032e+207,2.05844e+208,2.04248e+210,2.01212e+211,3.54291e+213,1.55265e+214,4.48745e+208,5.14045e+208,2.54802e+209,1.65495e+210,2.41337e+212,1.44612e+214,9.92338e+212,2.20639e+208,5.02121e+208,5.34534e+210,5.49214e+210,2.43381e+205,1.23024e+209,1.75401e+210,5.60081e+206,1.85356e+207,5.50495e+211,
1.69706e+209,1.92173e+209,1.03241e+210,4.79614e+210,3.83268e+212,6.42379e+214,5.66673e+214,3.97191e+209,4.96266e+209,3.00171e+210,2.97849e+212,2.93425e+213,5.16669e+215,2.26427e+216,6.54383e+210,7.49606e+210,3.71567e+211,2.41337e+212,3.51942e+214,2.10892e+216,1.44714e+215,3.21746e+210,7.32218e+210,7.79501e+212,8.00909e+212,3.54898e+207,1.794e+211,2.55783e+212,8.16722e+208,2.70292e+209,8.02785e+213,
1.01688e+211,1.1515e+211,6.18623e+211,2.87387e+212,2.2966e+214,3.8493e+216,3.39565e+216,2.37997e+211,2.97363e+211,1.79864e+212,1.78475e+214,1.75826e+215,3.09603e+217,1.35682e+218,3.9211e+212,4.49169e+212,2.22647e+213,1.44612e+214,2.10892e+216,1.26373e+218,8.67165e+216,1.92792e+212,4.3875e+212,4.67089e+214,4.79917e+214,2.12651e+209,1.07498e+213,1.53269e+214,4.89377e+210,1.61959e+211,4.81045e+215,
6.97799e+209,7.90178e+209,4.24509e+210,1.97209e+211,1.57594e+213,2.64138e+215,2.33009e+215,1.63318e+210,2.04055e+210,1.23425e+211,1.22471e+213,1.20652e+214,2.12448e+216,9.31043e+216,2.69071e+211,3.08225e+211,1.52782e+212,9.92338e+212,1.44714e+215,8.67165e+216,5.95046e+215,1.32296e+211,3.01075e+211,3.20519e+213,3.29322e+213,1.45927e+208,7.37664e+211,1.05174e+213,3.3582e+209,1.11139e+210,3.30094e+214,
1.55162e+205,1.75703e+205,9.43914e+205,4.38496e+206,3.50397e+208,5.87261e+210,5.18051e+210,3.63147e+205,4.5373e+205,2.74438e+206,2.72305e+208,2.68255e+209,4.7233e+211,2.06993e+212,5.9828e+206,6.85338e+206,3.39706e+207,2.20639e+208,3.21746e+210,1.92792e+212,1.32296e+211,2.94163e+206,6.69442e+206,7.12643e+208,7.32214e+208,3.24493e+203,1.64018e+207,2.33846e+208,7.4673e+204,2.47126e+205,7.33915e+209,
3.53108e+205,3.99854e+205,2.14811e+206,9.97906e+206,7.97419e+208,1.33647e+211,1.17896e+211,8.26431e+205,1.03257e+206,6.24551e+206,6.19699e+208,6.10484e+209,1.07491e+212,4.71069e+212,1.36154e+207,1.55966e+207,7.73088e+207,5.02121e+208,7.32218e+210,4.3875e+212,3.01075e+211,6.69442e+206,1.52348e+207,1.6218e+209,1.66634e+209,7.38461e+203,3.73265e+207,5.32177e+208,1.69936e+205,5.62395e+205,1.67022e+210,
3.7589e+207,4.25652e+207,2.28672e+208,1.06231e+209,8.48896e+210,1.42277e+213,1.2551e+213,8.79755e+207,1.0992e+208,6.64855e+208,6.59703e+210,6.499e+211,1.14434e+214,5.01497e+214,1.4494e+209,1.66031e+209,8.22986e+209,5.34534e+210,7.79501e+212,4.67089e+214,3.20519e+213,7.12643e+208,1.6218e+209,1.7265e+211,1.77392e+211,7.86092e+205,3.97356e+209,5.66531e+210,1.809e+207,5.98681e+207,1.77806e+212,
3.86213e+207,4.37342e+207,2.34952e+208,1.09148e+209,8.7221e+210,1.46185e+213,1.28957e+213,9.03916e+207,1.12939e+208,6.83114e+208,6.77821e+210,6.67748e+211,1.17577e+214,5.1527e+214,1.48921e+209,1.70591e+209,8.45588e+209,5.49214e+210,8.00909e+212,4.79917e+214,3.29322e+213,7.32214e+208,1.66634e+209,1.77392e+211,1.82264e+211,8.0768e+205,4.08268e+209,5.8209e+210,1.85868e+207,6.15123e+207,1.82689e+212,
1.71163e+202,1.93822e+202,1.04125e+203,4.83706e+203,3.86513e+205,6.47769e+207,5.71429e+207,4.00596e+202,5.00518e+202,3.02734e+203,3.00372e+205,2.959e+206,5.20989e+208,2.28316e+209,6.59963e+203,7.55996e+203,3.74726e+204,2.43381e+205,3.54898e+207,2.12651e+209,1.45927e+208,3.24493e+203,7.38461e+203,7.86092e+205,8.0768e+205,3.57968e+200,1.80927e+204,2.5795e+205,8.23743e+201,2.7261e+202,8.09544e+206,
8.65139e+205,9.7967e+205,5.26302e+206,2.44495e+207,1.95374e+209,3.27448e+211,2.88857e+211,2.02481e+206,2.52988e+206,1.5302e+207,1.51832e+209,1.49574e+210,2.63365e+212,1.15417e+213,3.33587e+207,3.82129e+207,1.89413e+208,1.23024e+209,1.794e+211,1.07498e+213,7.37664e+211,1.64018e+207,3.73265e+207,3.97356e+209,4.08268e+209,1.80927e+204,9.14528e+207,1.30388e+209,4.16356e+205,1.37791e+206,4.09218e+210,
1.23345e+207,1.39674e+207,7.50365e+207,3.48585e+208,2.78555e+210,4.66864e+212,4.11843e+212,2.88683e+207,3.60691e+207,2.18165e+208,2.16474e+210,2.13256e+211,3.75498e+213,1.64559e+214,4.75606e+208,5.44815e+208,2.70054e+209,1.75401e+210,2.55783e+212,1.53269e+214,1.05174e+213,2.33846e+208,5.32177e+208,5.66531e+210,5.8209e+210,2.5795e+205,1.30388e+209,1.859e+210,5.93607e+206,1.96452e+207,5.83447e+211,
3.9388e+203,4.46023e+203,2.39613e+204,1.11311e+205,8.89464e+206,1.4907e+209,1.31502e+209,9.21853e+203,1.1518e+204,6.96657e+204,6.91231e+206,6.80946e+207,1.19895e+210,5.25426e+210,1.51872e+205,1.73972e+205,8.62333e+205,5.60081e+206,8.16722e+208,4.89377e+210,3.3582e+209,7.4673e+204,1.69936e+205,1.809e+207,1.85868e+207,8.23743e+201,4.16356e+205,5.93607e+206,1.89559e+203,6.27331e+203,1.86298e+208,
1.30352e+204,1.47608e+204,7.92982e+204,3.68379e+205,2.94364e+207,4.93345e+209,4.35203e+209,3.05081e+204,3.81179e+204,2.30554e+205,2.2876e+207,2.25357e+208,3.96792e+210,1.73889e+211,5.02612e+205,5.7575e+205,2.85385e+206,1.85356e+207,2.70292e+209,1.61959e+211,1.11139e+210,2.47126e+205,5.62395e+205,5.98681e+207,6.15123e+207,2.7261e+202,1.37791e+206,1.96452e+207,6.27331e+203,2.07611e+204,6.16548e+208,
3.87108e+208,4.38355e+208,2.35497e+209,1.09402e+210,8.74245e+211,1.46527e+214,1.29259e+214,9.06012e+208,1.13201e+209,6.84701e+209,6.79402e+211,6.69309e+212,1.17853e+215,5.16481e+215,1.49267e+210,1.70988e+210,8.47557e+210,5.50495e+211,8.02785e+213,4.81045e+215,3.30094e+214,7.33915e+209,1.67022e+210,1.77806e+212,1.82689e+212,8.09544e+206,4.09218e+210,5.83447e+211,1.86298e+208,6.16548e+208,1.83116e+213,
