2.94163e+206,6.69442e+206,7.12643e+208,7.32214e+208,3.24493e+203,1.64018e+207,2.33846e+208,
6.69442e+206,1.52348e+207,1.6218e+209,1.66634e+209,7.38461e+203,3.73265e+207,5.32177e+208,
7.12643e+208,1.6218e+209,1.7265e+211,1.77392e+211,7.86092e+205,3.97356e+209,5.66531e+210,
7.32214e+208,1.66634e+209,1.77392e+211,1.82264e+211,8.0768e+205,4.08268e+209,5.8209e+210,
3.24493e+203,7.38461e+203,7.86092e+205,8.0768e+205,3.57968e+200,1.80927e+204,2.5795e+205,
1.64018e+207,3.73265e+207,3.97356e+209,4.08268e+209,1.80927e+204,9.14528e+207,1.30388e+209,
2.33846e+208,5.32177e+208,5.66531e+210,5.8209e+210,2.5795e+205,1.30388e+209,1.859e+210,
