1.2168e+207,1.39387e+207,6.90908e+207,4.48745e+208,6.54383e+210,3.9211e+212,2.69071e+211,
1.39387e+207,1.5967e+207,7.91446e+207,5.14045e+208,7.49606e+210,4.49169e+212,3.08225e+211,
6.90908e+207,7.91446e+207,3.92303e+208,2.54802e+209,3.71567e+211,2.22647e+213,1.52782e+212,
4.48745e+208,5.14045e+208,2.54802e+209,1.65495e+210,2.41337e+212,1.44612e+214,9.92338e+212,
6.54383e+210,7.49606e+210,3.71567e+211,2.41337e+212,3.51942e+214,2.10892e+216,1.44714e+215,
3.9211e+212,4.49169e+212,2.22647e+213,1.44612e+214,2.10892e+216,1.26373e+218,8.67165e+216,
2.69071e+211,3.08225e+211,1.52782e+212,9.92338e+212,1.44714e+215,8.67165e+216,5.95046e+215,
